T = 0.081659 s
dV = 0.012891 V
t = 57.977726 s
frequency = 12.246082 Hz
